953 = 951 = 954
711 = 116
103 = 111 = 998
957 | 111
119 | 111
112 > 111
106 > 111
911 - 111 (New Build)
901 - 111 (New Build)
592 = 593 = 594
997 = 511

--

Superclasses

1 = [103, 104, 111, 118, 160, 998]
2 = [106, 112]
3 = [113, 114, 115, 116, 120, 142, 150, 199, 997, 503, 504, 510, 511, 699, 700, 701, 711, 713]
9 = [119]
10 = [506, 509, 566, 660, 760, 916]
11 = [524, 540, 547, 560, 576]
20 = [500, 513, 514, 515, 516, 517, 518, 523, 525, 527, 529, 536, 537, 539, 548, 549, 553, 574, 575, 559, 561, 562, 571, 573, 581, 582, 583, 584, 585, 591, 596, 649, 775]
30 = [203, 550, 552, 555, 695, 795, 811, 816, 850, 915]
31 = [558, 590, 592, 593, 594, 595, 597]
40 = [951, 953]
41 = [956]
49 = [117, 278, 567, 577, 901, 902, 905, 911, 913, 920, 952, 955, 957, 960, 961, 990]